(1,12.32857142857143,5.317683245741591,28.27775510204082,3,23)
(2,14.785714285714286,5.123873694057365,26.254081632653065,4,29)
(3,17.242857142857144,5.4022104319454645,29.183877551020405,7,32)
(4,18.214285714285715,5.363615137846747,28.768367346938774,3,28)
(5,18.985714285714284,5.139463165803708,26.41408163265307,6,30)
(6,20.17142857142857,4.10912374590784,16.88489795918368,9,30)
(7,21.557142857142857,4.716644431571829,22.246734693877542,8,33)
(8,22.557142857142857,3.8753275042641384,15.018163265306114,13,30)
(9,23.228571428571428,4.401854896587602,19.376326530612246,7,32)
(10,22.928571428571427,4.549164534195667,20.694897959183674,11,33)
(11,24.0,3.5737135547534544,12.771428571428572,12,30)
(12,24.314285714285713,4.079715876461627,16.64408163265306,15,32)
(13,25.414285714285715,3.547606263959071,12.585510204081638,18,32)
(14,25.114285714285714,3.5437786819916925,12.558367346938779,16,33)
(15,26.12857142857143,3.8726935202828545,14.99775510204081,17,34)
(16,27.385714285714286,3.1043419230990326,9.636938775510199,19,33)
(17,27.785714285714285,3.4096202433821907,11.62551020408163,20,34)
(18,27.314285714285713,3.904366995129051,15.244081632653057,15,35)
(19,28.757142857142856,2.9973117206957984,8.983877551020408,22,37)
(20,29.12857142857143,2.8026590872212176,7.854897959183669,22,36)
(21,29.5,2.6819502498848005,7.192857142857143,22,36)
(22,29.357142857142858,3.12151846879374,9.743877551020415,20,35)
(23,30.742857142857144,2.528046757511274,6.391020408163265,24,36)
(24,30.728571428571428,2.523724167469454,6.369183673469389,22,34)
(25,30.914285714285715,2.6335356849835225,6.935510204081632,22,36)
(26,31.2,2.376071187004776,5.645714285714285,21,35)
(27,31.414285714285715,2.1941015547720357,4.814081632653065,26,36)
(28,31.557142857142857,2.2080095385774436,4.875306122448975,26,36)
(29,31.957142857142856,2.003109827141747,4.012448979591839,24,37)
(30,31.714285714285715,2.5306287030406227,6.404081632653064,22,36)
(31,32.58571428571429,2.024795278137359,4.099795918367346,28,36)
(32,32.542857142857144,1.8949987884331925,3.5910204081632675,29,37)
(33,32.72857142857143,1.9414385577373774,3.7691836734693878,28,37)
(34,33.1,2.0986390147630716,4.404285714285716,24,36)
(35,33.77142857142857,1.8835485398685157,3.547755102040817,26,37)
(36,33.08571428571429,2.697844944940088,7.278367346938785,21,37)
(37,33.82857142857143,1.6730761110808403,2.7991836734693885,30,38)
(38,33.9,2.036453499872476,4.147142857142858,26,37)
(39,34.68571428571428,1.7032981212330154,2.90122448979592,30,38)
(40,34.65714285714286,1.9411757430243477,3.7681632653061286,29,38)
(41,35.01428571428571,1.885984829077425,3.5569387755102038,28,38)
(42,35.34285714285714,1.6025489899863041,2.5681632653061235,32,39)
(43,35.57142857142857,1.840585532389305,3.387755102040821,29,39)
(44,36.08571428571429,1.5375570339512812,2.364081632653061,32,39)
(45,36.371428571428574,1.5690891677423977,2.4620408163265304,33,39)
(46,36.41428571428571,1.9747900947612993,3.899795918367342,28,39)
(47,36.94285714285714,2.190144902484206,4.7967346938775535,28,39)
(48,37.91428571428571,1.45152980524349,2.1069387755102036,34,39)
(49,38.357142857142854,1.1088696211614308,1.229591836734695,33,39)
(50,38.15714285714286,2.0676813396771228,4.275306122448981,24,39)
(51,38.58571428571429,0.9333940699382655,0.8712244897959196,35,39)
(52,38.31428571428572,1.809047556374485,3.2726530612244957,28,39)
(53,38.58571428571429,1.2362715506468538,1.5283673469387764,33,39)
(54,38.77142857142857,1.123405900076429,1.2620408163265313,31,39)
(55,38.7,1.734935157289748,3.010000000000003,25,39)
(56,38.72857142857143,1.6117552860285016,2.597755102040817,26,39)
(57,38.714285714285715,1.3746984827107904,1.8897959183673496,29,39)
(58,38.68571428571428,1.7691229234757404,3.1297959183673503,27,39)
(59,38.65714285714286,1.548139106759321,2.3967346938775487,30,39)
(60,38.75714285714286,1.212267229918673,1.4695918367346925,30,39)
