(1,16.185714285714287,6.208963237916288,38.55122448979591,7,36)
(2,19.457142857142856,6.850830427840147,46.9338775510204,5,41)
(3,21.6,7.482169280553411,55.98285714285714,7,39)
(4,23.614285714285714,7.657476005545836,58.63693877551021,7,39)
(5,24.614285714285714,6.918490457034803,47.865510204081644,9,39)
(6,26.84285714285714,7.737913550980585,59.875306122448976,10,46)
(7,29.67142857142857,7.532257162310886,56.73489795918365,12,45)
(8,31.414285714285715,6.100334550879407,37.214081632653055,15,45)
(9,33.128571428571426,5.833208939392815,34.02632653061225,18,46)
(10,35.58571428571429,5.77059753564285,33.29979591836733,24,50)
(11,37.18571428571428,5.051994958550977,25.522653061224485,21,45)
(12,37.34285714285714,5.005384855435234,25.053877551020403,26,49)
(13,39.3,5.545525867116403,30.752857142857135,28,50)
(14,39.94285714285714,4.637997456679258,21.511020408163265,29,49)
(15,40.385714285714286,5.130560696573474,26.322653061224486,21,49)
(16,41.128571428571426,4.452676333466452,19.826326530612246,28,49)
(17,42.15714285714286,4.176928859087446,17.446734693877552,29,53)
(18,43.042857142857144,5.018354067921114,25.18387755102039,29,51)
(19,43.82857142857143,3.9820003177564223,15.856326530612247,33,52)
(20,43.47142857142857,3.4998833799813087,12.249183673469389,35,50)
(21,43.81428571428572,3.485860652664692,12.151224489795911,33,52)
(22,43.58571428571429,3.301483896427084,10.89979591836736,33,49)
(23,44.58571428571429,3.9514657574946876,15.614081632653065,33,52)
(24,44.857142857142854,3.646077008377691,13.293877551020412,32,52)
(25,45.05714285714286,4.133091939407087,17.08244897959183,33,52)
(26,46.08571428571429,3.124753051467118,9.764081632653065,37,55)
(27,46.24285714285714,3.575454873302195,12.783877551020417,37,53)
(28,47.02857142857143,3.40994942807673,11.62775510204082,39,55)
(29,47.44285714285714,3.519885202209682,12.389591836734693,38,54)
(30,47.47142857142857,3.576596261297399,12.792040816326534,39,55)
(31,47.371428571428574,4.178760679475019,17.462040816326525,30,55)
(32,47.72857142857143,3.5573723391266863,12.654897959183671,34,54)
(33,48.2,4.169960602760107,17.388571428571435,32,54)
(34,48.84285714285714,4.173507309842182,17.418163265306127,36,58)
(35,49.44285714285714,3.2541653056866506,10.589591836734693,40,56)
(36,50.08571428571429,3.4795026620927034,12.10693877551021,35,56)
(37,50.34285714285714,4.348680306502566,18.911020408163257,31,57)
(38,50.542857142857144,3.370823190200257,11.36244897959184,39,57)
(39,50.857142857142854,3.5144018563851334,12.35102040816327,37,56)
(40,51.92857142857143,2.614910151810348,6.837755102040817,44,56)
(41,52.6,2.9539320042469304,8.725714285714288,41,57)
(42,52.214285714285715,3.3419107329398816,11.168367346938776,38,58)
(43,52.885714285714286,3.6937896031925073,13.644081632653059,31,57)
(44,52.94285714285714,3.0420186638185527,9.253877551020413,42,58)
(45,53.24285714285714,2.9395612611686235,8.64102040816327,40,59)
(46,53.72857142857143,2.4196896410869875,5.854897959183674,46,57)
(47,54.57142857142857,2.572222099783035,6.6163265306122465,44,59)
(48,54.4,3.4075546322001333,11.611428571428585,37,58)
(49,55.285714285714285,2.249716535431947,5.061224489795922,44,58)
(50,55.51428571428571,2.539644840990045,6.449795918367353,38,58)
(51,55.785714285714285,2.776909161243111,7.711224489795919,37,58)
(52,55.714285714285715,1.99386815112776,3.9755102040816324,47,58)
(53,54.97142857142857,4.956875250084268,24.57061224489798,31,58)
(54,55.84285714285714,2.649181621804388,7.018163265306127,43,58)
(55,55.81428571428572,3.0156395064153583,9.094081632653065,43,59)
(56,56.48571428571429,3.1293215017355562,9.792653061224478,36,58)
(57,57.17142857142857,1.5115878933041478,2.2848979591836716,52,59)
(58,57.4,1.5802350638885525,2.4971428571428573,48,58)
(59,57.714285714285715,1.00203873810001,1.0040816326530604,52,58)
(60,57.7,1.3453624047073716,1.8100000000000012,48,58)
(61,57.1,2.879236009777592,8.289999999999992,43,58)
(62,56.84285714285714,4.667932287076869,21.78959183673469,32,58)
(63,56.74285714285714,4.295132508468872,18.448163265306103,30,58)
(64,57.05714285714286,3.316132490398646,10.996734693877526,38,58)
(65,57.15714285714286,2.896479213931062,8.389591836734702,38,58)
(66,57.128571428571426,2.7512149449778343,7.569183673469388,43,58)
(67,56.857142857142854,3.5507975534105207,12.60816326530614,40,58)
(68,57.42857142857143,2.2140552875496438,4.902040816326535,45,58)
(69,57.42857142857143,1.8560436307327675,3.4448979591836735,46,58)
(70,56.714285714285715,4.488534145521254,20.146938775510215,28,58)
