(1,30.942857142857143,4.222002619900772,17.825306122448985,15,41)
(2,29.62857142857143,4.078415058298397,16.633469387755117,19,39)
(3,29.714285714285715,3.5502227581735015,12.604081632653063,22,39)
(4,29.071428571428573,4.029609795258198,16.237755102040815,20,36)
(5,29.785714285714285,3.8280649984885398,14.654081632653064,21,38)
(6,29.585714285714285,4.076037491566173,16.61408163265306,19,38)
(7,30.014285714285716,3.9550794001163228,15.642653061224493,22,39)
(8,29.614285714285714,4.2132202042850695,17.75122448979592,17,39)
(9,30.65714285714286,3.8392176073693305,14.739591836734686,23,39)
(10,30.314285714285713,3.5316643471916307,12.472653061224486,20,38)
(11,30.542857142857144,3.8902284702855705,15.133877551020412,21,39)
(12,30.742857142857144,4.547167766190022,20.676734693877552,21,41)
(13,30.414285714285715,3.933347745851608,15.471224489795924,18,38)
(14,31.071428571428573,4.175853817130195,17.437755102040818,18,40)
(15,30.571428571428573,3.5919410931036344,12.902040816326531,22,38)
(16,31.1,4.4980948348003,20.232857142857142,22,43)
(17,31.228571428571428,3.772727049198642,14.233469387755095,19,39)
(18,30.771428571428572,4.154761222540536,17.26204081632653,21,40)
(19,31.15714285714286,3.6001417205664654,12.96102040816327,23,40)
(20,30.114285714285714,4.083216019417107,16.672653061224487,20,39)
(21,31.65714285714286,4.21522991843934,17.76816326530612,24,42)
(22,31.914285714285715,3.740675481945005,13.992653061224498,24,43)
(23,31.65714285714286,3.9275063491290467,15.425306122448973,23,41)
(24,31.557142857142857,3.8233706680501336,14.618163265306125,22,40)
(25,30.82857142857143,3.5535552763452016,12.627755102040823,23,39)
(26,32.042857142857144,3.82262331123429,14.612448979591807,21,40)
(27,31.585714285714285,3.800349070970257,14.442653061224496,23,41)
(28,32.2,4.00927496117262,16.074285714285715,23,42)
(29,31.7,4.158811643452284,17.29571428571429,22,42)
(30,31.97142857142857,3.644845395786174,13.284897959183672,22,42)
(31,31.442857142857143,3.7478973697097877,14.046734693877546,24,40)
(32,32.24285714285714,3.7049608221784953,13.726734693877553,23,40)
(33,31.485714285714284,4.034645876274494,16.278367346938783,21,40)
(34,31.52857142857143,4.448824655605852,19.79204081632653,23,46)
(35,32.357142857142854,3.839775716239219,14.743877551020406,24,42)
(36,32.77142857142857,3.5903498777832166,12.890612244897957,22,42)
(37,31.771428571428572,4.085414574421788,16.690612244897952,23,40)
(38,31.714285714285715,4.336367331379234,18.804081632653062,20,46)
(39,31.514285714285716,4.059355533448477,16.478367346938775,23,40)
(40,31.757142857142856,5.144860720829545,26.4695918367347,22,46)
(41,31.442857142857143,3.612026397173412,13.046734693877541,22,41)
(42,31.84285714285714,4.083540880467463,16.675306122448983,23,43)
(43,30.985714285714284,4.425551966035608,19.585510204081636,21,40)
(44,32.15714285714286,3.8826931532699036,15.075306122448987,23,40)
(45,31.557142857142857,3.612026397173413,13.046734693877546,23,41)
(46,31.32857142857143,3.9954310640724495,15.963469387755108,21,40)
(47,31.6,3.5310864374256585,12.46857142857143,25,41)
(48,31.985714285714284,3.845193129620622,14.785510204081632,22,41)
(49,31.914285714285715,3.789997576866385,14.364081632653068,21,41)
(50,32.51428571428571,4.149846321226356,17.22122448979592,22,42)
(51,32.74285714285714,3.89022847028557,15.133877551020406,21,41)
(52,32.07142857142857,4.473162603066134,20.009183673469394,20,42)
(53,31.97142857142857,3.978411127829905,15.827755102040815,24,45)
(54,32.628571428571426,4.296747702195991,18.462040816326528,22,42)
(55,32.08571428571429,3.984766912497993,15.878367346938788,20,39)
(56,32.6,3.933010479082332,15.468571428571435,26,43)
(57,32.1,4.039625159414106,16.31857142857144,23,42)
(58,33.0,3.9641248358604595,15.714285714285714,26,41)
(59,32.74285714285714,4.097684761931213,16.791020408163266,25,44)
(60,33.27142857142857,3.311975796027106,10.96918367346938,27,41)
(61,32.75714285714286,3.885635503403031,15.098163265306127,23,43)
(62,33.05714285714286,3.7905360129282673,14.368163265306126,21,40)
(63,32.885714285714286,4.065685172067229,16.529795918367334,24,42)
(64,32.01428571428571,3.5556508632350963,12.642653061224486,24,40)
(65,32.114285714285714,3.3955553181132756,11.529795918367348,23,42)
(66,32.457142857142856,3.612224143835225,13.048163265306124,24,42)
(67,32.77142857142857,4.106341536736384,16.862040816326527,25,42)
(68,32.285714285714285,3.497520987960543,12.232653061224491,24,41)
(69,32.97142857142857,3.613353917154013,13.056326530612251,21,42)
(70,32.628571428571426,3.847713341607411,14.804897959183668,24,43)
