(1,20.5,3.1018427702623117,9.621428571428572,13,26)
(2,20.571428571428573,3.3276822846772953,11.073469387755104,14,28)
(3,21.17142857142857,3.5293521403527084,12.456326530612245,11,29)
(4,21.114285714285714,3.213999987300457,10.329795918367338,15,30)
(5,21.614285714285714,3.7313071518201886,13.922653061224489,13,31)
(6,21.97142857142857,3.832087937297848,14.684897959183672,11,31)
(7,21.985714285714284,3.5796761910336343,12.814081632653068,13,32)
(8,21.242857142857144,3.3527631005132568,11.241020408163267,13,29)
(9,22.014285714285716,3.3014838964270816,10.899795918367346,14,29)
(10,22.15714285714286,3.1876355513394676,10.161020408163271,15,31)
(11,23.17142857142857,3.098254940037923,9.599183673469392,15,30)
(12,22.728571428571428,3.2067848988909584,10.283469387755096,16,32)
(13,22.928571428571427,3.348011898645133,11.20918367346939,16,30)
(14,23.185714285714287,3.190579244959659,10.179795918367347,17,31)
(15,22.357142857142858,3.198373311034016,10.229591836734695,15,30)
(16,23.15714285714286,3.0267177615633862,9.161020408163274,13,30)
(17,23.514285714285716,3.1338832923061952,9.821224489795917,16,30)
(18,23.642857142857142,2.9858509879846618,8.915306122448982,18,33)
(19,22.757142857142856,2.93469742556057,8.612448979591836,14,31)
(20,22.957142857142856,3.638821293793258,13.241020408163239,16,31)
(21,23.37142857142857,3.2914236111073745,10.833469387755109,17,35)
(22,23.071428571428573,2.982431551466634,8.894897959183675,16,30)
(23,23.12857142857143,3.1209953932836805,9.740612244897957,17,29)
(24,23.02857142857143,3.541474384536266,12.542040816326525,15,30)
(25,23.642857142857142,3.2294878598215373,10.429591836734694,12,31)
(26,23.34285714285714,3.2988557076040523,10.882448979591834,17,31)
(27,23.457142857142856,3.1244917954111897,9.76244897959184,15,29)
(28,23.814285714285713,3.265809272459375,10.665510204081631,15,32)
(29,23.142857142857142,2.76862892465729,7.665306122448981,15,29)
(30,22.957142857142856,3.5352741428786127,12.49816326530611,15,33)
(31,23.857142857142858,2.8799092956238055,8.293877551020403,17,30)
(32,22.814285714285713,2.9870810268930583,8.922653061224489,16,30)
(33,22.585714285714285,3.6819748472131377,13.556938775510208,11,32)
(34,23.485714285714284,3.16563176787761,10.021224489795921,18,31)
(35,23.714285714285715,3.162922957116259,10.004081632653062,17,32)
(36,23.457142857142856,3.064477183495297,9.391020408163268,16,33)
(37,23.87142857142857,3.5933328284931423,12.912040816326526,16,32)
(38,23.3,2.914740860816667,8.495714285714286,17,30)
(39,23.685714285714287,2.6967856906370016,7.2726530612244895,16,30)
(40,23.757142857142856,3.226832654413897,10.412448979591838,16,32)
(41,23.928571428571427,2.6636249659409024,7.0948979591836725,17,29)
(42,23.642857142857142,3.084688983098455,9.51530612244898,18,32)
(43,23.557142857142857,2.9550717384848433,8.732448979591835,15,30)
(44,24.542857142857144,2.921280121970574,8.533877551020412,16,31)
(45,23.84285714285714,3.3193618762205075,11.018163265306129,15,30)
(46,24.4,2.8505638539970097,8.125714285714286,18,31)
(47,23.885714285714286,3.3489565843829077,11.21551020408163,14,31)
(48,24.042857142857144,3.3313905903250225,11.098163265306102,13,31)
(49,23.985714285714284,2.728122625767488,7.442653061224493,19,31)
(50,24.37142857142857,2.9817129715815973,8.890612244897959,18,31)
(51,24.15714285714286,3.160631556625146,9.989591836734693,14,31)
(52,23.928571428571427,2.7842486987204524,7.7520408163265335,17,30)
(53,23.4,3.270648690572385,10.697142857142856,14,32)
(54,23.82857142857143,3.422494614715282,11.713469387755108,16,33)
(55,23.257142857142856,3.205734657434634,10.27673469387755,14,31)
(56,24.242857142857144,2.457848735818229,6.041020408163266,18,30)
(57,24.65714285714286,2.6986013005984857,7.2824489795918375,19,32)
(58,23.985714285714284,3.1052621566019987,9.642653061224495,16,31)
(59,23.65714285714286,2.9271425085407303,8.56816326530612,18,31)
(60,23.714285714285715,3.435706860698838,11.804081632653066,16,30)
